     %Filename      File No.   # cells (%12-basel)f     s    probe    
dlist = [
    '201612202';...     %1         8            6/8     2/8
    '201701031';...     %2         6            1/6     5/6
    '201701041';...     %3         4            3/4     1/4 
    '201701051';...     %4         5            0/5     4/5
    '201701101';...     %5         4            3/4     1/4
    '201701171';...     %6         3            1/3     2/3
    '201701181'];...     %7         3            2/3     1/3
  
dataFolder = dlist;
 
iall = 1:7;

RF = [...
    -1.5,   -3;... %3
    -2,     -3;... %4
    -2.5,   -3;... %5
    -2,     -3];... %7
    